----- Forward Differentiate -----
2.22045e-016 0.12758256
2.220446e-015 0.0025825619
2.220446e-014 8.256189e-005
2.220446e-013 8.256189e-005
2.220446e-012 7.5618904e-006
2.220446e-011 6.1890373e-008
2.220446e-010 6.1890373e-008
2.220446e-009 1.1890373e-008
2.220446e-008 4.3903727e-009
2.220446e-007 5.3140373e-008
2.220446e-006 5.3226537e-007
2.220446e-005 5.3227654e-006
0.0002220446 5.3234138e-005
0.002220446 0.00053299019
0.02220446 0.0053945859
0.2220446 0.060202199
2.220446 0.90938626
22.20446 0.9286429
222.0446 0.87754915
----- Center Differentiate -----
2.220446e-016 0.0025825619
2.220446e-015 0.0025825619
2.220446e-014 8.256189e-005
2.220446e-013 8.256189e-005
2.220446e-012 7.5618904e-006
2.220446e-011 6.1890373e-008
2.220446e-010 6.1890373e-008
2.220446e-009 -6.0962724e-010
2.220446e-008 -6.0962724e-010
2.220446e-007 -1.096272e-010
2.220446e-006 2.8728131e-012
2.220446e-005 7.2872708e-011
0.0002220446 7.2113727e-009
0.002220446 7.2113584e-007
0.02220446 7.2111824e-005
0.2220446 0.0071936036
2.220446 0.56286415
22.20446 0.88594946
222.0446 0.87423886
